24
28
2C
30
3C
40
44
48
4C
50
5C
60
60
5C
50
4C
48
44
40
3C
30
2C
28
24
00
00
00
00
00
00
00
00
24
28
2C
30
3C
40
44
48
4C
50
5C
60
60
5C
50
4C
48
44
40
3C
30
2C
28
24
00
00
00
00
00
00
00
00
24
28
2C
30
3C
40
44
48
4C
50
5C
60
60
5C
50
4C
48
44
40
3C
30
2C
28
24
00
00
00
00
00
00
00
00
24
28
2C
30
3C
40
44
48
4C
50
5C
60
60
5C
50
4C
48
44
40
3C
30
2C
28
24
00
00
00
00
00
00
00
00
24
28
2C
30
3C
40
44
48
4C
50
5C
60
60
5C
50
4C
48
44
40
3C
30
2C
28
24
00
00
00
00
00
00
00
00
24
28
2C
30
3C
40
44
48
4C
50
5C
60
60
5C
50
4C
48
44
40
3C
30
2C
28
24
00
00
00
00
00
00
00
00
24
28
2C
30
3C
40
44
48
4C
50
5C
60
60
5C
50
4C
48
44
40
3C
30
2C
28
24
00
00
00
00
00
00
00
00
24
28
2C
30
3C
40
44
48
4C
50
5C
60
60
5C
50
4C
48
44
40
3C
30
2C
28
24
00
00
00
00
00
00
00
00
24
28
2C
30
3C
40
44
48
4C
50
5C
60
60
5C
50
4C
48
44
40
3C
30
2C
28
24
00
00
00
00
00
00
00
00
24
28
2C
30
3C
40
44
48
4C
50
5C
60
60
5C
50
4C
48
44
40
3C
30
2C
28
24
00
00
00
00
00
00
00
00
24
28
2C
30
3C
40
44
48
4C
50
5C
60
60
5C
50
4C
48
44
40
3C
30
2C
28
24
00
00
00
00
00
00
00
00
24
28
2C
30
3C
40
44
48
4C
50
5C
60
60
5C
50
4C
48
44
40
3C
30
2C
28
24
00
00
00
00
00
00
00
00
24
28
2C
30
3C
40
44
48
4C
50
5C
60
60
5C
50
4C
48
44
40
3C
30
2C
28
24
00
00
00
00
00
00
00
00
24
28
2C
30
3C
40
44
48
4C
50
5C
60
60
5C
50
4C
48
44
40
3C
30
2C
28
24
00
00
00
00
00
00
00
00
24
28
2C
30
3C
40
44
48
4C
50
5C
60
60
5C
50
4C
48
44
40
3C
30
2C
28
24
06
08
0A
0C
0E
10
12
14
16
18
1A
1C
1E
20
22
AA
64
68
6C
70
7C
80
84
88
8C
90
9C
A0
A4
00
00
00
00
00
00
00
02
04
02
04